time: 1.9322690000000002, birdPosition: -11.384335154826957
time: 11.854451000000024, birdPosition: 3.4669095324833075
time: 14.070346000000027, birdPosition: 100.0
